1	1	1	41	73	2	TAM Dr. Elwany's Office	NULL	1	-10	-10	4	1	-10	-10	-10	-10	-10	-10	-10	-10	-10	-10	-10	-10
1	1	2	41	73	2	TAM Dr. Erraguntla's Office	NULL	1	4	1	-10	-10	-10	-10	-10	-10	-10	-10	-10	-10	-10	-10	-10	-10
1	1	3	41	73	2	TAM Dr. Zahabi's Office 4404	NULL	1	-10	-10	-10	-10	-10	-10	-10	-10	-10	-10	-10	-10	4	1	-10	-10
1	1	4	41	73	2	TAM Hub 1 (1 Floor)	NULL	1	1	1	2	1	-10	-10	-10	-10	-10	-10	3	1	-10	-10	7	4
2	1	5	41	73	2	TAM Dr. Wortman's Office	NULL	1	-10	-10	7	1	-10	-10	-10	-10	-10	-10	-10	-10	-10	-10	-10	-10
2	1	6	41	73	2	TAM Dr. Benarjee's Office	NULL	1	-10	-10	-10	-10	7	1	-10	-10	-10	-10	-10	-10	-10	-10	-10	-10
2	1	7	41	73	2	TAM Hub 2 (1 Floor)	NULL	1	5	1	-10	-10	-10	-10	6	1	4	4	-10	-10	-10	-10	12	6
3	1	8	41	73	2	TAM Dr. Wang Shiren's Office	NULL	1	-10	-10	12	1	-10	-10	-10	-10	-10	-10	-10	-10	-10	-10	-10	-10
3	1	9	41	73	2	TAM Dr. Feng, Lin's Office	NULL	1	-10	-10	-10	-10	-10	-10	12	1	-10	-10	-10	-10	-10	-10	-10	-10
3	1	10	41	73	2	TAM Dr. Wickliff's Office	NULL	1	12	1	-10	-10	-10	-10	-10	-10	-10	-10	-10	-10	-10	-10	-10	-10
3	1	11	41	73	2	TAM Dr. Butenko's Office	NULL	1	-10	-10	-10	-10	12	1	-10	-10	-10	-10	-10	-10	-10	-10	-10	-10
3	1	12	41	73	2	TAM Hub 3 (1 Floor)	NULL	1	8	1	10	1	9	1	11	1	7	6	-10	-10	-10	-10	16	6
4	1	13	41	73	2	TAM Dr. Moreno's Office	NULL	1	-10	-10	16	1	-10	-10	-10	-10	-10	-10	-10	-10	-10	-10	-10	-10
4	1	14	41	73	2	TAM Dr. Wang's Office	NULL	1	-10	-10	-10	-10	-10	-10	16	1	-10	-10	-10	-10	-10	-10	-10	-10
4	1	15	41	73	2	TAM Dr. Johnson's Office	NULL	1	-10	-10	-10	-10	16	1	-10	-10	-10	-10	-10	-10	-10	-10	-10	-10
4	1	16	41	73	2	TAM Hub 4 (1 Floor)	NULL	1	13	1	-10	-10	14	1	15	1	12	6	-10	-10	18	8	40	5
5	1	17	41	73	2	TAM Office 302	NULL	1	-10	-10	-10	-10	-10	-10	-10	-10	18	1	-10	-10	-10	-10	-10	-10
5	1	18	41	73	2	TAM HUB 5 (1 Floor)	NULL	1	-10	-10	-10	-10	-10	-10	-10	-10	-10	-10	16	8	20	6	17	1
6	1	19	41	73	2	TAM Elevator Level 1	NULL	1	-10	-10	-10	-10	-10	-10	-10	-10	20	6	-10	-10	-10	-10	-10	-10
6	1	20	41	73	2	TAM Hub 6 (1 Floor)	NULL	1	-10	-10	-10	-10	-10	-10	-10	-10	-10	-10	18	6	21	5	19	1
7	1	21	41	73	2	TAM Hub 7 (1 Floor)	NULL	1	-10	-10	-10	-10	-10	-10	-10	-10	-10	-10	20	5	-10	-10	24	8
8	1	22	41	73	2	TAM Men's Restroom (Level 1)	NULL	1	-10	-10	24	1	-10	-10	-10	-10	-10	-10	-10	-10	-10	-10	-10	-10
8	1	23	41	73	2	TAM Women's Restroom (Level 1)	NULL	1	-10	-10	-10	-10	24	1	-10	-10	-10	-10	-10	-10	-10	-10	-10	-10
8	1	24	41	73	2	TAM Hub 8 (1 Floor)	NULL	1	22	1	-10	-10	-10	-10	23	1	21	7	-10	-10	-10	-10	26	3
9	1	25	41	73	2	TAM Dr. Mayer's Office	NULL	1	-10	-10	-10	-10	-10	-10	-10	-10	-10	-10	26	1	-10	-10	-10	-10
9	1	26	41	73	2	TAM Hub 9 (1 Floor)	NULL	1	-10	-10	-10	-10	-10	-10	-10	-10	24	3	-10	-10	25	1	29	7
10	1	27	41	73	2	TAM Dr. Smith's Office	NULL	1	-10	-10	-10	-10	-10	-10	29	1	-10	-10	-10	-10	-10	-10	-10	-10
10	1	28	41	73	2	TAM Dr. Feldman's Office	NULL	1	-10	-10	-10	-10	-10	-10	-10	-10	-10	-10	29	1	-10	-10	-10	-10
10	1	29	41	73	2	TAM Hub 10 (1 Floor)	NULL	1	-10	-10	-10	-10	27	1	-10	-10	26	7	30	8	28	1	-10	-10
11	1	30	41	73	2	TAM Hub 11 (1 Floor)	NULL	1	-10	-10	-10	-10	-10	-10	-10	-10	-10	-10	34	8	29	8	-10	-10
12	1	31	41	73	2	TAM Dr. Lawley's Office	NULL	1	-10	-10	34	1	-10	-10	-10	-10	-10	-10	-10	-10	-10	-10	-10	-10
12	1	32	41	73	2	TAM Dr. Ali's Office	NULL	1	-10	-10	-10	-10	-10	-10	34	1	-10	-10	-10	-10	-10	-10	-10	-10
12	1	33	41	73	2	TAM Dr. Wilhelm's Office	NULL	1	-10	-10	-10	-10	34	1	-10	-10	-10	-10	-10	-10	-10	-10	-10	-10
12	1	34	41	73	2	TAM Hub 12 (1 Floor)	NULL	1	31	1	-10	-10	32	1	33	1	38	8	-10	-10	30	8	-10	-10
13	1	35	41	73	2	TAM Conference Room (Level 1)	NULL	1	-10	-10	-10	-10	-10	-10	-10	-10	-10	-10	-10	-10	38	1	-10	-10
13	1	36	41	73	2	TAM Dr. Amanda's Office	NULL	1	-10	-10	-10	-10	-10	-10	38	1	-10	-10	-10	-10	-10	-10	-10	-10
13	1	37	41	73	2	TAM Dr. Fazzino's Office	NULL	1	38	1	-10	-10	-10	-10	-10	-10	-10	-10	-10	-10	-10	-10	-10	-10
13	1	38	41	73	2	TAM Hub 13 (1 Floor)	NULL	1	-10	-10	37	1	36	1	-10	-10	40	6	35	1	-10	-10	34	8
14	1	39	41	73	2	TAM Seminar Room (Level 1)	NULL	1	-10	-10	-10	-10	-10	-10	-10	-10	-10	-10	-10	-10	40	1	-10	-10
14	1	40	41	73	2	TAM Hub 14 (1 Floor)	NULL	1	-10	-10	-10	-10	-10	-10	-10	-10	16	5	39	1	-10	-10	38	6